Questions:
1.
MCA:
    1.
    2.
    3.
    4.
2.
MCA:
    1.
    2.
    3.
    4.
3.
MCA:
    1.
    2.
    3.
    4.
4.
MCA:
    1.
    2.
    3.
    4.
5.
MCA:
    1.
    2.
    3.
    4.
6.
MCA:
    1.
    2.
    3.
    4.
7.
MCA:
    1.
    2.
    3.
    4.
8.
MCA:
    1.
    2.
    3.
    4.
9.
MCA:
    1.
    2.
    3.
    4.
10.
MCA:
    1.
    2.
    3.
    4.
11.
MCA:
    1.
    2.
    3.
    4.
12.
MCA:
    1.
    2.
    3.
    4.
13.
MCA:
    1.
    2.
    3.
    4.
14.
MCA:
    1.
    2.
    3.
    4.
15.
MCA:
    1.
    2.
    3.
    4.
16.
MCA:
    1.
    2.
    3.
    4.
17.
MCA:
    1.
    2.
    3.
    4.
18.
MCA:
    1.
    2.
    3.
    4.
19.
MCA:
    1.
    2.
    3.
    4.
20.
MCA:
    1.
    2.
    3.
    4.
21.
MCA:
    1.
    2.
    3.
    4.
22.
MCA:
    1.
    2.
    3.
    4.